U03JSUCLAF3:1730096230.581189
U05C0U50HJS:1730271378.643259
U066LTEPJF7:1731657149.476479
U049S2V1QUW:1732083408.779439
U07T6NHS2UR:1732089273.692539
U042L58JY0L:1732089531.308969
