U03JSUCLAF3:1730096230.581189
U05C0U50HJS:1730271378.643259
U066LTEPJF7:1735719792.039999
U07V1N3MPJS:1735719155.615789
U042L58JY0L:1735799508.461739
U07T6NHS2UR:1735800337.477519
U049S2V1QUW:1735885042.834579
