U03JSUCLAF3:1730096230.581189
U05C0U50HJS:1730271378.643259
U066LTEPJF7:1731657149.476479
U07T6NHS2UR:1731997298.739149
U042L58JY0L:1731999979.023649
U049S2V1QUW:1732083408.779439
