U03JSUCLAF3:1730096230.581189
U05C0U50HJS:1730271378.643259
U066LTEPJF7:1734416528.914969
U07T6NHS2UR:1734418846.115259
U042L58JY0L:1734419737.096519
U049S2V1QUW:1734422036.032979
U07V1N3MPJS:1734423233.637669
