U03JSUCLAF3:1730096230.581189
U05C0U50HJS:1730271378.643259
U066LTEPJF7:1731657149.476479
U07V1N3MPJS:1732170596.212479
U042L58JY0L:1732174028.063509
U049S2V1QUW:1732173686.848819
U07T6NHS2UR:1732256342.221839
