U03JSUCLAF3:1730096230.581189
U05C0U50HJS:1730271378.643259
U042L58JY0L:1733295981.342209
U049S2V1QUW:1733298207.693139
U07T6NHS2UR:1733302414.536479
U07V1N3MPJS:1733302231.718769
U066LTEPJF7:1733381934.756639
