U03JSUCLAF3:1730096230.581189
U05C0U50HJS:1730271378.643259
U066LTEPJF7:1733466359.659649
U07T6NHS2UR:1733466714.409079
U042L58JY0L:1733471205.070909
U049S2V1QUW:1733473241.095529
U07V1N3MPJS:1733473105.217169
