U03JSUCLAF3:1730096230.581189
U05C0U50HJS:1730271378.643259
U07T6NHS2UR:1731565287.627069
U042L58JY0L:1731565448.664559
U066LTEPJF7:1731568350.467929
U049S2V1QUW:1731653198.064909
