U03JSUCLAF3:1730096230.581189
U05C0U50HJS:1730271378.643259
U049S2V1QUW:1735885042.834579
U07T6NHS2UR:1736144747.653299
U042L58JY0L:1736148150.657719
U066LTEPJF7:1736150676.999339
U07V1N3MPJS:1736157472.979649
