U05C0U50HJS:1729865706.841919
U03JSUCLAF3:1730096230.581189
U042L58JY0L:1730182918.312709
U066LTEPJF7:1730186479.144649
U07T6NHS2UR:1730270675.422699
