U03JSUCLAF3:1730096230.581189
U05C0U50HJS:1730271378.643259
U07V1N3MPJS:1732601839.132399
U066LTEPJF7:1732775526.447779
U07T6NHS2UR:1732774693.791699
U042L58JY0L:1732775011.388829
U049S2V1QUW:1732774496.550449
