U03JSUCLAF3:1730096230.581189
U05C0U50HJS:1730271378.643259
U066LTEPJF7:1731479098.794639
U049S2V1QUW:1731479570.087169
U07T6NHS2UR:1731565287.627069
U042L58JY0L:1731565448.664559
