U03JSUCLAF3:1730096230.581189
U05C0U50HJS:1730271378.643259
U07T6NHS2UR:1730442052.974549
U049S2V1QUW:1730441977.476209
U042L58JY0L:1730443343.463409
U066LTEPJF7:1730447329.044209
