U03JSUCLAF3:1730096230.581189
U05C0U50HJS:1730271378.643259
U066LTEPJF7:1734509914.889929
U049S2V1QUW:1734588958.313149
U07T6NHS2UR:1734592927.251889
U07V1N3MPJS:1734680282.985999
U042L58JY0L:1734681398.450689
