U03JSUCLAF3:1730096230.581189
U05C0U50HJS:1730271378.643259
U07T6NHS2UR:1731047444.761259
U066LTEPJF7:1731306142.565299
U042L58JY0L:1731311267.379769
U049S2V1QUW:1731313856.086259
