U03JSUCLAF3:1730096230.581189
U05C0U50HJS:1730271378.643259
U042L58JY0L:1733471205.070909
U066LTEPJF7:1733815007.503599
U049S2V1QUW:1733897849.085709
U07T6NHS2UR:1733900927.012249
U07V1N3MPJS:1733901104.046819
