U03JSUCLAF3:1730096230.581189
U05C0U50HJS:1730271378.643259
U049S2V1QUW:1730705414.427649
U07T6NHS2UR:1730787504.380009
U066LTEPJF7:1730790542.134499
U042L58JY0L:1730875647.800499
