U03JSUCLAF3:1730096230.581189
U05C0U50HJS:1730271378.643259
U07T6NHS2UR:1731047444.761259
U042L58JY0L:1731051255.214169
U066LTEPJF7:1731051905.480539
U049S2V1QUW:1731052751.156769
