U03JSUCLAF3:1730096230.581189
U05C0U50HJS:1730271378.643259
U049S2V1QUW:1733207212.469939
U07V1N3MPJS:1733207043.291489
U066LTEPJF7:1733208268.364859
U07T6NHS2UR:1733208187.143509
U042L58JY0L:1733295981.342209
