U03JSUCLAF3:1730096230.581189
U05C0U50HJS:1730271378.643259
U07T6NHS2UR:1732774693.791699
U042L58JY0L:1732866653.033339
U049S2V1QUW:1733120251.462959
U07V1N3MPJS:1733120628.980849
U066LTEPJF7:1733124151.864429
