U03JSUCLAF3:1730096230.581189
U05C0U50HJS:1730271378.643259
U049S2V1QUW:1734588958.313149
U07T6NHS2UR:1734592927.251889
U042L58JY0L:1734935245.400479
U066LTEPJF7:1734938370.788389
U07V1N3MPJS:1734942376.321509
