U03JSUCLAF3:1730096230.581189
U05C0U50HJS:1730271378.643259
U066LTEPJF7:1735195820.838099
U042L58JY0L:1735283690.933109
U07V1N3MPJS:1735284060.679209
U07T6NHS2UR:1735540199.459919
U049S2V1QUW:1735540131.155309
