U03JSUCLAF3:1730096230.581189
U05C0U50HJS:1730271378.643259
U042L58JY0L:1730875647.800499
U066LTEPJF7:1730878639.128359
U07T6NHS2UR:1730960438.291249
U049S2V1QUW:1730960436.960909
