U03JSUCLAF3:1730096230.581189
U07T6NHS2UR:1730270675.422699
U05C0U50HJS:1730271378.643259
U042L58JY0L:1730272853.820269
U049S2V1QUW:1730355562.122459
U066LTEPJF7:1730356938.761749
