U03JSUCLAF3:1730096230.581189
U05C0U50HJS:1730271378.643259
U07T6NHS2UR:1732774693.791699
U066LTEPJF7:1732861222.605779
U049S2V1QUW:1732860994.793759
U07V1N3MPJS:1732861286.463709
U042L58JY0L:1732866653.033339
