U03JSUCLAF3:1730096230.581189
U05C0U50HJS:1730271378.643259
U049S2V1QUW:1735021035.559849
U042L58JY0L:1735021928.326079
U07T6NHS2UR:1735022847.643159
U07V1N3MPJS:1735022444.953049
U066LTEPJF7:1735024657.844109
