U066LTEPJF7:1729865693.446759
U05C0U50HJS:1729865706.841919
U03JSUCLAF3:1730096230.581189
