U03JSUCLAF3:1730096230.581189
U05C0U50HJS:1730271378.643259
U07T6NHS2UR:1730442052.974549
U066LTEPJF7:1730447329.044209
U042L58JY0L:1730702679.553209
U049S2V1QUW:1730705414.427649
