U03JSUCLAF3:1730096230.581189
U05C0U50HJS:1730271378.643259
U042L58JY0L:1733295981.342209
U049S2V1QUW:1733298207.693139
U066LTEPJF7:1733381934.756639
U07T6NHS2UR:1733384071.324189
U07V1N3MPJS:1733384302.630559
