U03JSUCLAF3:1730096230.581189
U05C0U50HJS:1730271378.643259
U07T6NHS2UR:1731392078.261559
U042L58JY0L:1731394252.521009
U066LTEPJF7:1731397578.706209
U049S2V1QUW:1731398501.112809
