U05C0U50HJS:1729865706.841919
U03JSUCLAF3:1730096230.581189
U066LTEPJF7:1730098783.854569
U042L58JY0L:1730100969.319509
