U03JSUCLAF3:1730096230.581189
U05C0U50HJS:1730271378.643259
U066LTEPJF7:1734330070.357119
U07T6NHS2UR:1734330414.501969
U049S2V1QUW:1734330428.826189
U042L58JY0L:1734333180.554719
U07V1N3MPJS:1734333214.350519
